               time activity  id type
1654083602000000000        1   1    f
1654083605000000000        1   2    s
1654083614000000000        1   2    f
1654083618000000000        1   3    s
1654083622000000000        2   1    s
1654083626000000000        1   3    f
1654083629000000000        1   4    s
1654083629000000000        2   1    f
1654083639000000000        1   4    f
1654083642000000000        1   5    s
1654083646000000000        2   2    s
1654083652000000000        1   5    f
1654083654000000000        2   2    f
1654083655000000000        1   6    s
1654083657000000000        2   3    s
1654083664000000000        1   6    f
1654083665000000000        2   3    f
1654083667000000000        1   7    s
1654083668000000000        2   4    s
1654083676000000000        1   7    f
1654083677000000000        2   4    f
1654083679000000000        1   8    s
1654083680000000000        2   5    s
1654083689000000000        1   8    f
1654083689000000000        2   5    f
1654083692000000000        1   9    s
1654083692000000000        2   6    s
1654083700000000000        2   6    f
1654083702000000000        1   9    f
1654083703000000000        2   7    s
1654083705000000000        1  10    s
1654083710000000000        2   7    f
1654083713000000000        2   8    s
1654083716000000000        1  10    f
1654083719000000000        1  11    s
1654083721000000000        2   8    f
1654083724000000000        2   9    s
1654083728000000000        1  11    f
1654083731000000000        1  12    s
1654083732000000000        2   9    f
1654083736000000000        2  10    s
1654083741000000000        1  12    f
1654083743000000000        2  10    f
1654083744000000000        1  13    s
1654083749000000000        2  11    s
1654083755000000000        1  13    f
1654083755000000000        2  11    f
1654083758000000000        1  14    s
1654083762000000000        2  12    s
1654083766000000000        1  14    f
1654083769000000000        1  15    s
1654083769000000000        2  12    f
1654083775000000000        2  13    s
1654083778000000000        1  15    f
1654083781000000000        1  16    s
1654083784000000000        2  13    f
1654083787000000000        2  14    s
1654083790000000000        1  16    f
1654083793000000000        1  17    s
1654083794000000000        2  14    f
1654083798000000000        2  15    s
1654083802000000000        1  17    f
1654083805000000000        1  18    s
1654083806000000000        2  15    f
1654083811000000000        2  16    s
1654083816000000000        1  18    f
1654083818000000000        2  16    f
1654083819000000000        1  19    s
1654083824000000000        2  17    s
1654083830000000000        1  19    f
1654083831000000000        2  17    f
1654083833000000000        1  20    s
1654083837000000000        2  18    s
1654083844000000000        1  20    f
1654083845000000000        2  18    f
1654083847000000000        1  21    s
1654083851000000000        2  19    s
1654083857000000000        1  21    f
1654083858000000000        2  19    f
1654083860000000000        1  22    s
1654083864000000000        2  20    s
1654083870000000000        1  22    f
1654083872000000000        2  20    f
1654083873000000000        1  23    s
1654083878000000000        2  21    s
1654083882000000000        1  23    f
1654083884000000000        2  21    f
1654083885000000000        1  24    s
1654083891000000000        2  22    s
1654083894000000000        1  24    f
1654083897000000000        1  25    s
1654083897000000000        2  22    f
1654083903000000000        2  23    s
1654083906000000000        1  25    f
1654083909000000000        1  26    s
1654083911000000000        2  23    f
1654083915000000000        2  24    s
1654083919000000000        1  26    f
1654083922000000000        1  27    s
1654083922000000000        2  24    f
1654083927000000000        2  25    s
1654083934000000000        1  27    f
1654083935000000000        2  25    f
1654083939000000000        1  28    s
1654083948000000000        1  28    f
1654083951000000000        1  29    s
1654083955000000000        2  26    s
1654083963000000000        1  29    f
1654083964000000000        2  26    f
1654083966000000000        1  30    s
1654083967000000000        2  27    s
1654083975000000000        2  27    f
1654083976000000000        1  30    f
1654083979000000000        1  31    s
1654083979000000000        2  28    s
1654083987000000000        2  28    f
1654083988000000000        1  31    f
1654083990000000000        2  29    s
1654083991000000000        1  32    s
1654083997000000000        2  29    f
1654084000000000000        2  30    s
1654084001000000000        1  32    f
1654084004000000000        1  33    s
1654084007000000000        2  30    f
1654084010000000000        2  31    s
1654084014000000000        1  33    f
1654084017000000000        1  34    s
1654084019000000000        2  31    f
1654084022000000000        2  32    s
1654084028000000000        1  34    f
1654084029000000000        2  32    f
1654084031000000000        1  35    s
1654084036000000000        2  33    s
1654084040000000000        1  35    f
1654084043000000000        1  36    s
1654084045000000000        2  33    f
1654084048000000000        2  34    s
1654084054000000000        1  36    f
1654084056000000000        2  34    f
1654084057000000000        1  37    s
1654084061000000000        2  35    s
1654084065000000000        1  37    f
1654084068000000000        1  38    s
1654084069000000000        2  35    f
1654084074000000000        2  36    s
1654084077000000000        1  38    f
1654084080000000000        1  39    s
1654084082000000000        2  36    f
1654084086000000000        2  37    s
1654084091000000000        1  39    f
1654084094000000000        1  40    s
1654084094000000000        2  37    f
1654084098000000000        2  38    s
1654084104000000000        1  40    f
1654084107000000000        1  41    s
1654084107000000000        2  38    f
1654084111000000000        2  39    s
1654084115000000000        1  41    f
1654084119000000000        1  42    s
1654084120000000000        2  39    f
1654084124000000000        2  40    s
1654084130000000000        1  42    f
1654084133000000000        1  43    s
1654084133000000000        2  40    f
1654084137000000000        2  41    s
1654084141000000000        1  43    f
1654084145000000000        1  44    s
1654084146000000000        2  41    f
1654084150000000000        2  42    s
1654084153000000000        1  44    f
1654084156000000000        1  45    s
1654084158000000000        2  42    f
1654084162000000000        2  43    s
1654084167000000000        1  45    f
1654084169000000000        2  43    f
1654084170000000000        1  46    s
1654084175000000000        2  44    s
1654084179000000000        1  46    f
1654084182000000000        1  47    s
1654084183000000000        2  44    f
1654084188000000000        2  45    s
1654084193000000000        1  47    f
1654084196000000000        1  48    s
1654084196000000000        2  45    f
1654084200000000000        2  46    s
1654084204000000000        1  48    f
1654084208000000000        1  49    s
1654084209000000000        2  46    f
1654084213000000000        2  47    s
1654084216000000000        1  49    f
1654084220000000000        1  50    s
1654084222000000000        2  47    f
1654084225000000000        2  48    s
1654084229000000000        1  50    f
1654084232000000000        1  51    s
1654084233000000000        2  48    f
1654084237000000000        2  49    s
1654084242000000000        1  51    f
1654084245000000000        1  52    s
1654084245000000000        2  49    f
1654084250000000000        2  50    s
1654084255000000000        1  52    f
1654084257000000000        2  50    f
1654084259000000000        1  53    s
1654084263000000000        2  51    s
1654084269000000000        1  53    f
1654084271000000000        2  51    f
1654084272000000000        1  54    s
1654084276000000000        2  52    s
1654084281000000000        1  54    f
1654084284000000000        1  55    s
1654084284000000000        2  52    f
1654084289000000000        2  53    s
1654084292000000000        1  55    f
1654084296000000000        1  56    s
1654084297000000000        2  53    f
1654084302000000000        2  54    s
1654084305000000000        1  56    f
1654084308000000000        1  57    s
1654084309000000000        2  54    f
1654084313000000000        2  55    s
1654084319000000000        1  57    f
1654084321000000000        2  55    f
1654084322000000000        1  58    s
1654084326000000000        2  56    s
1654084332000000000        1  58    f
1654084334000000000        2  56    f
1654084336000000000        1  59    s
1654084340000000000        2  57    s
1654084346000000000        1  59    f
1654084347000000000        2  57    f
1654084349000000000        1  60    s
1654084353000000000        2  58    s
1654084360000000000        1  60    f
1654084361000000000        2  58    f
1654084363000000000        1  61    s
1654084367000000000        2  59    s
1654084373000000000        1  61    f
1654084375000000000        2  59    f
1654084376000000000        1  62    s
1654084381000000000        2  60    s
1654084386000000000        1  62    f
1654084388000000000        2  60    f
1654084389000000000        1  63    s
1654084394000000000        2  61    s
1654084401000000000        1  63    f
1654084401000000000        2  61    f
1654084405000000000        1  64    s
1654084414000000000        1  64    f
1654084418000000000        1  65    s
1654084422000000000        2  62    s
1654084428000000000        1  65    f
1654084429000000000        2  62    f
1654084431000000000        1  66    s
1654084432000000000        2  63    s
1654084440000000000        2  63    f
1654084441000000000        1  66    f
1654084443000000000        2  64    s
1654084444000000000        1  67    s
1654084450000000000        2  64    f
1654084453000000000        1  67    f
1654084453000000000        2  65    s
1654084456000000000        1  68    s
1654084461000000000        2  65    f
1654084464000000000        2  66    s
1654084466000000000        1  68    f
1654084469000000000        1  69    s
1654084471000000000        2  66    f
1654084474000000000        2  67    s
1654084479000000000        1  69    f
1654084482000000000        1  70    s
1654084483000000000        2  67    f
1654084486000000000        2  68    s
1654084492000000000        1  70    f
1654084494000000000        2  68    f
1654084495000000000        1  71    s
1654084499000000000        2  69    s
1654084506000000000        1  71    f
1654084506000000000        2  69    f
1654084509000000000        1  72    s
1654084513000000000        2  70    s
1654084518000000000        1  72    f
1654084520000000000        2  70    f
1654084521000000000        1  73    s
1654084526000000000        2  71    s
1654084530000000000        1  73    f
1654084533000000000        1  74    s
1654084535000000000        2  71    f
1654084538000000000        2  72    s
1654084543000000000        1  74    f
1654084545000000000        2  72    f
1654084546000000000        1  75    s
1654084552000000000        2  73    s
1654084556000000000        1  75    f
1654084558000000000        2  73    f
1654084559000000000        1  76    s
1654084564000000000        2  74    s
1654084571000000000        1  76    f
1654084571000000000        2  74    f
1654084574000000000        1  77    s
1654084586000000000        1  77    f
1654084590000000000        1  78    s
1654084595000000000        2  75    s
1654084599000000000        1  78    f
1654084601000000000        1  79    s
1654084602000000000        2  75    f
1654084606000000000        2  76    s
1654084612000000000        1  79    f
1654084613000000000        2  76    f
1654084615000000000        1  80    s
1654084616000000000        2  77    s
1654084623000000000        2  77    f
1654084625000000000        1  80    f
1654084626000000000        2  78    s
1654084628000000000        1  81    s
1654084633000000000        2  78    f
1654084636000000000        2  79    s
1654084638000000000        1  81    f
1654084642000000000        1  82    s
1654084644000000000        2  79    f
1654084647000000000        2  80    s
1654084651000000000        1  82    f
1654084654000000000        1  83    s
1654084654000000000        2  80    f
1654084659000000000        2  81    s
1654084664000000000        1  83    f
1654084667000000000        1  84    s
1654084668000000000        2  81    f
1654084672000000000        2  82    s
1654084678000000000        1  84    f
1654084679000000000        2  82    f
1654084682000000000        1  85    s
1654084686000000000        2  83    s
1654084690000000000        1  85    f
1654084693000000000        1  86    s
1654084694000000000        2  83    f
1654084699000000000        2  84    s
1654084704000000000        1  86    f
1654084706000000000        1  87    s
1654084707000000000        2  84    f
1654084710000000000        2  85    s
1654084715000000000        1  87    f
1654084719000000000        1  88    s
1654084719000000000        2  85    f
1654084723000000000        2  86    s
1654084730000000000        1  88    f
1654084731000000000        2  86    f
1654084733000000000        1  89    s
1654084738000000000        2  87    s
1654084743000000000        1  89    f
1654084745000000000        2  87    f
1654084746000000000        1  90    s
1654084750000000000        2  88    s
1654084757000000000        1  90    f
1654084757000000000        2  88    f
1654084760000000000        1  91    s
1654084765000000000        2  89    s
1654084771000000000        1  91    f
1654084773000000000        2  89    f
1654084774000000000        1  92    s
1654084779000000000        2  90    s
1654084785000000000        1  92    f
1654084786000000000        2  90    f
1654084789000000000        1  93    s
1654084793000000000        2  91    s
1654084798000000000        1  93    f
1654084801000000000        1  94    s
1654084801000000000        2  91    f
1654084806000000000        2  92    s
1654084809000000000        1  94    f
1654084812000000000        1  95    s
1654084813000000000        2  92    f
1654084818000000000        2  93    s
1654084821000000000        1  95    f
1654084824000000000        1  96    s
1654084826000000000        2  93    f
1654084830000000000        2  94    s
1654084833000000000        1  96    f
1654084836000000000        1  97    s
1654084839000000000        2  94    f
1654084842000000000        2  95    s
1654084845000000000        1  97    f
1654084848000000000        1  98    s
1654084850000000000        2  95    f
1654084853000000000        2  96    s
1654084858000000000        1  98    f
1654084861000000000        1  99    s
1654084861000000000        2  96    f
1654084865000000000        2  97    s
1654084872000000000        1  99    f
1654084873000000000        2  97    f
1654084875000000000        1 100    s
1654084879000000000        2  98    s
1654084886000000000        1 100    f
1654084887000000000        2  98    f
1654084889000000000        1 101    s
1654084893000000000        2  99    s
1654084898000000000        1 101    f
1654084901000000000        1 102    s
1654084901000000000        2  99    f
1654084906000000000        2 100    s
1654084910000000000        1 102    f
1654084913000000000        1 103    s
1654084914000000000        2 100    f
1654084919000000000        2 101    s
1654084925000000000        1 103    f
1654084927000000000        2 101    f
1654084928000000000        1 104    s
1654084932000000000        2 102    s
1654084937000000000        1 104    f
1654084939000000000        2 102    f
1654084940000000000        1 105    s
1654084945000000000        2 103    s
1654084950000000000        1 105    f
1654084952000000000        2 103    f
1654084954000000000        1 106    s
1654084958000000000        2 104    s
1654084964000000000        1 106    f
1654084967000000000        1 107    s
1654084973000000000        2 104    f
1654084977000000000        1 107    f
1654084980000000000        1 108    s
1654084984000000000        2 105    s
1654084990000000000        1 108    f
1654084993000000000        1 109    s
1654084999000000000        2 105    f
1654085002000000000        2 106    s
1654085003000000000        1 109    f
1654085007000000000        1 110    s
1654085015000000000        1 110    f
1654085019000000000        1 111    s
1654085019000000000        2 106    f
1654085022000000000        2 107    s
1654085028000000000        1 111    f
1654085031000000000        1 112    s
1654085037000000000        2 107    f
1654085040000000000        2 108    s
1654085043000000000        1 112    f
1654085046000000000        1 113    s
1654085055000000000        1 113    f
1654085058000000000        1 114    s
1654085058000000000        2 108    f
1654085061000000000        2 109    s
1654085067000000000        1 114    f
1654085070000000000        1 115    s
1654085078000000000        2 109    f
1654085080000000000        1 115    f
1654085081000000000        2 110    s
1654085083000000000        1 116    s
1654085094000000000        1 116    f
1654085097000000000        1 117    s
1654085097000000000        2 110    f
1654085101000000000        2 111    s
1654085107000000000        1 117    f
1654085110000000000        1 118    s
1654085114000000000        2 111    f
1654085117000000000        2 112    s
1654085120000000000        1 118    f
1654085123000000000        1 119    s
1654085132000000000        1 119    f
1654085133000000000        2 112    f
1654085135000000000        1 120    s
1654085137000000000        2 113    s
1654085145000000000        1 120    f
1654085148000000000        1 121    s
1654085153000000000        2 113    f
1654085156000000000        2 114    s
1654085160000000000        1 121    f
1654085163000000000        1 122    s
1654085172000000000        2 114    f
1654085173000000000        1 122    f
1654085175000000000        2 115    s
1654085177000000000        1 123    s
1654085185000000000        1 123    f
1654085188000000000        1 124    s
1654085192000000000        2 115    f
1654085195000000000        2 116    s
1654085198000000000        1 124    f
1654085201000000000        1 125    s
1654085209000000000        1 125    f
1654085211000000000        2 116    f
1654085212000000000        1 126    s
1654085214000000000        2 117    s
1654085223000000000        1 126    f
1654085227000000000        1 127    s
1654085229000000000        2 117    f
1654085232000000000        2 118    s
1654085237000000000        1 127    f
1654085240000000000        1 128    s
1654085248000000000        1 128    f
1654085249000000000        2 118    f
1654085252000000000        2 119    s
1654085267000000000        2 119    f
1654085270000000000        2 120    s
1654085275000000000        1 129    s
1654085284000000000        1 129    f
1654085286000000000        2 120    f
1654085288000000000        1 130    s
1654085290000000000        2 121    s
1654085296000000000        1 130    f
1654085299000000000        1 131    s
1654085307000000000        2 121    f
1654085309000000000        1 131    f
1654085309000000000        2 122    s
1654085314000000000        1 132    s
1654085324000000000        1 132    f
1654085325000000000        2 122    f
1654085329000000000        2 123    s
1654085344000000000        2 123    f
1654085347000000000        2 124    s
1654085353000000000        1 133    s
1654085362000000000        2 124    f
1654085363000000000        1 133    f
1654085365000000000        2 125    s
1654085366000000000        1 134    s
1654085377000000000        1 134    f
1654085380000000000        1 135    s
1654085381000000000        2 125    f
1654085384000000000        2 126    s
1654085390000000000        1 135    f
1654085394000000000        1 136    s
1654085400000000000        2 126    f
1654085403000000000        1 136    f
1654085403000000000        2 127    s
1654085409000000000        1 137    s
1654085418000000000        1 137    f
1654085419000000000        2 127    f
1654085422000000000        2 128    s
1654085436000000000        2 128    f
1654085439000000000        2 129    s
1654085444000000000        1 138    s
1654085455000000000        1 138    f
1654085458000000000        1 139    s
1654085468000000000        1 139    f
1654085483000000000        1 140    s
1654085493000000000        2 129    f
1654085494000000000        1 140    f
1654085496000000000        2 130    s
1654085512000000000        2 130    f
1654085515000000000        2 131    s
1654085521000000000        1 141    s
1654085530000000000        2 131    f
1654085533000000000        1 141    f
1654085533000000000        2 132    s
1654085538000000000        1 142    s
1654085549000000000        1 142    f
1654085550000000000        2 132    f
1654085552000000000        1 143    s
1654085553000000000        2 133    s
1654085560000000000        1 143    f
1654085563000000000        1 144    s
1654085568000000000        2 133    f
1654085571000000000        2 134    s
1654085572000000000        1 144    f
1654085577000000000        1 145    s
1654085585000000000        1 145    f
1654085588000000000        2 134    f
1654085591000000000        2 135    s
1654085607000000000        2 135    f
1654085611000000000        2 136    s
1654085616000000000        1 146    s
1654085626000000000        2 136    f
1654085627000000000        1 146    f
1654085629000000000        2 137    s
1654085630000000000        1 147    s
1654085641000000000        1 147    f
1654085644000000000        1 148    s
1654085645000000000        2 137    f
1654085648000000000        2 138    s
1654085653000000000        1 148    f
1654085656000000000        1 149    s
1654085663000000000        2 138    f
1654085665000000000        1 149    f
1654085666000000000        2 139    s
1654085682000000000        2 139    f
1654085685000000000        2 140    s
1654085691000000000        1 150    s
1654085700000000000        2 140    f
1654085702000000000        1 150    f
1654085703000000000        2 141    s
1654085705000000000        1 151    s
1654085714000000000        1 151    f
1654085717000000000        1 152    s
1654085727000000000        1 152    f
1654085782000000000        2 141    f
1654085785000000000        2 142    s
1654085792000000000        2 142    f
1654085796000000000        2 143    s
1654085801000000000        1 153    s
1654085803000000000        2 143    f
1654085806000000000        2 144    s
1654085809000000000        1 153    f
1654085812000000000        1 154    s
1654085813000000000        2 144    f
1654085816000000000        2 145    s