               time activity  id type
1654090744000000000        1   1    f
1654090747000000000        1   2    s
1654090757000000000        1   2    f
1654090760000000000        1   3    s
1654090764000000000        2   1    s
1654090770000000000        1   3    f
1654090771000000000        2   1    f
1654090773000000000        1   4    s
1654090782000000000        1   4    f
1654090785000000000        1   5    s
1654090789000000000        2   2    s
1654090794000000000        1   5    f
1654090796000000000        2   2    f
1654090797000000000        1   6    s
1654090799000000000        2   3    s
1654090806000000000        2   3    f
1654090807000000000        1   6    f
1654090809000000000        2   4    s
1654090810000000000        1   7    s
1654090816000000000        2   4    f
1654090819000000000        1   7    f
1654090820000000000        2   5    s
1654090822000000000        1   8    s
1654090828000000000        2   5    f
1654090831000000000        2   6    s
1654090832000000000        1   8    f
1654090835000000000        1   9    s
1654090839000000000        2   6    f
1654090842000000000        2   7    s
1654090846000000000        1   9    f
1654090849000000000        1  10    s
1654090849000000000        2   7    f
1654090853000000000        2   8    s
1654090860000000000        1  10    f
1654090861000000000        2   8    f
1654090863000000000        1  11    s
1654090867000000000        2   9    s
1654090873000000000        1  11    f
1654090874000000000        2   9    f
1654090876000000000        1  12    s
1654090880000000000        2  10    s
1654090884000000000        1  12    f
1654090888000000000        1  13    s
1654090888000000000        2  10    f
1654090893000000000        2  11    s
1654090898000000000        1  13    f
1654090900000000000        2  11    f
1654090902000000000        1  14    s
1654090906000000000        2  12    s
1654090911000000000        1  14    f
1654090914000000000        1  15    s
1654090914000000000        2  12    f
1654090919000000000        2  13    s
1654090923000000000        1  15    f
1654090926000000000        1  16    s
1654090926000000000        2  13    f
1654090931000000000        2  14    s
1654090937000000000        1  16    f
1654090939000000000        2  14    f
1654090940000000000        1  17    s
1654090945000000000        2  15    s
1654090949000000000        1  17    f
1654090952000000000        2  15    f
1654090953000000000        1  18    s
1654090958000000000        2  16    s
1654090963000000000        1  18    f
1654090965000000000        2  16    f
1654090966000000000        1  19    s
1654090970000000000        2  17    s
1654090974000000000        1  19    f
1654090977000000000        1  20    s
1654090978000000000        2  17    f
1654090983000000000        2  18    s
1654090989000000000        1  20    f
1654090990000000000        2  18    f
1654090992000000000        1  21    s
1654091001000000000        1  21    f
1654091004000000000        1  22    s
1654091008000000000        2  19    s
1654091013000000000        1  22    f
1654091014000000000        2  19    f
1654091016000000000        1  23    s
1654091018000000000        2  20    s
1654091024000000000        1  23    f
1654091027000000000        1  24    s
1654091027000000000        2  20    f
1654091030000000000        2  21    s
1654091038000000000        2  21    f
1654091039000000000        1  24    f
1654091041000000000        1  25    s
1654091041000000000        2  22    s
1654091048000000000        2  22    f
1654091050000000000        1  25    f
1654091051000000000        2  23    s
1654091053000000000        1  26    s
1654091059000000000        2  23    f
1654091062000000000        1  26    f
1654091062000000000        2  24    s
1654091065000000000        1  27    s
1654091069000000000        2  24    f
1654091072000000000        2  25    s
1654091076000000000        1  27    f
1654091079000000000        1  28    s
1654091080000000000        2  25    f
1654091083000000000        2  26    s
1654091089000000000        1  28    f
1654091092000000000        1  29    s
1654091092000000000        2  26    f
1654091096000000000        2  27    s
1654091100000000000        1  29    f
1654091103000000000        1  30    s
1654091103000000000        2  27    f
1654091109000000000        2  28    s
1654091112000000000        1  30    f
1654091115000000000        1  31    s
1654091116000000000        2  28    f
1654091120000000000        2  29    s
1654091123000000000        1  31    f
1654091126000000000        1  32    s
1654091128000000000        2  29    f
1654091132000000000        2  30    s
1654091135000000000        1  32    f
1654091138000000000        1  33    s
1654091140000000000        2  30    f
1654091143000000000        2  31    s
1654091149000000000        1  33    f
1654091152000000000        1  34    s
1654091152000000000        2  31    f
1654091156000000000        2  32    s
1654091161000000000        1  34    f
1654091164000000000        1  35    s
1654091164000000000        2  32    f
1654091169000000000        2  33    s
1654091176000000000        1  35    f
1654091176000000000        2  33    f
1654091181000000000        1  36    s
1654091191000000000        1  36    f
1654091195000000000        1  37    s
1654091199000000000        2  34    s
1654091203000000000        1  37    f
1654091206000000000        2  34    f
1654091207000000000        1  38    s
1654091210000000000        2  35    s
1654091216000000000        1  38    f
1654091217000000000        2  35    f
1654091220000000000        1  39    s
1654091220000000000        2  36    s
1654091228000000000        2  36    f
1654091229000000000        1  39    f
1654091231000000000        2  37    s
1654091232000000000        1  40    s
1654091238000000000        2  37    f
1654091241000000000        2  38    s
1654091242000000000        1  40    f
1654091245000000000        1  41    s
1654091249000000000        2  38    f
1654091253000000000        2  39    s
1654091255000000000        1  41    f
1654091258000000000        1  42    s
1654091259000000000        2  39    f
1654091263000000000        2  40    s
1654091268000000000        1  42    f
1654091270000000000        2  40    f
1654091271000000000        1  43    s
1654091275000000000        2  41    s
1654091279000000000        1  43    f
1654091283000000000        1  44    s
1654091284000000000        2  41    f
1654091288000000000        2  42    s
1654091292000000000        1  44    f
1654091295000000000        1  45    s
1654091296000000000        2  42    f
1654091300000000000        2  43    s
1654091304000000000        1  45    f
1654091307000000000        1  46    s
1654091309000000000        2  43    f
1654091312000000000        2  44    s
1654091317000000000        1  46    f
1654091318000000000        2  44    f
1654091321000000000        1  47    s
1654091325000000000        2  45    s
1654091330000000000        1  47    f
1654091332000000000        2  45    f
1654091333000000000        1  48    s
1654091338000000000        2  46    s
1654091344000000000        1  48    f
1654091345000000000        2  46    f
1654091347000000000        1  49    s
1654091351000000000        2  47    s
1654091357000000000        1  49    f
1654091359000000000        2  47    f
1654091360000000000        1  50    s
1654091364000000000        2  48    s
1654091368000000000        1  50    f
1654091371000000000        2  48    f
1654091372000000000        1  51    s
1654091377000000000        2  49    s
1654091383000000000        1  51    f
1654091384000000000        2  49    f
1654091386000000000        1  52    s
1654091390000000000        2  50    s
1654091395000000000        1  52    f
1654091398000000000        1  53    s
1654091399000000000        2  50    f
1654091403000000000        2  51    s
1654091410000000000        1  53    f
1654091412000000000        2  51    f
1654091413000000000        1  54    s
1654091417000000000        2  52    s
1654091424000000000        1  54    f
1654091426000000000        2  52    f
1654091427000000000        1  55    s
1654091432000000000        2  53    s
1654091435000000000        1  55    f
1654091438000000000        1  56    s
1654091439000000000        2  53    f
1654091444000000000        2  54    s
1654091447000000000        1  56    f
1654091450000000000        1  57    s
1654091452000000000        2  54    f
1654091456000000000        2  55    s
1654091459000000000        1  57    f
1654091462000000000        1  58    s
1654091463000000000        2  55    f
1654091467000000000        2  56    s
1654091473000000000        1  58    f
1654091474000000000        2  56    f
1654091476000000000        1  59    s
1654091481000000000        2  57    s
1654091485000000000        1  59    f
1654091488000000000        1  60    s
1654091489000000000        2  57    f
1654091494000000000        2  58    s
1654091497000000000        1  60    f
1654091500000000000        1  61    s
1654091500000000000        2  58    f
1654091505000000000        2  59    s
1654091508000000000        1  61    f
1654091511000000000        1  62    s
1654091514000000000        2  59    f
1654091517000000000        2  60    s
1654091522000000000        1  62    f
1654091525000000000        2  60    f
1654091526000000000        1  63    s
1654091530000000000        2  61    s
1654091534000000000        1  63    f
1654091537000000000        1  64    s
1654091537000000000        2  61    f
1654091543000000000        2  62    s
1654091548000000000        1  64    f
1654091550000000000        2  62    f
1654091551000000000        1  65    s
1654091556000000000        2  63    s
1654091562000000000        1  65    f
1654091563000000000        2  63    f
1654091565000000000        1  66    s
1654091569000000000        2  64    s
1654091575000000000        1  66    f
1654091576000000000        2  64    f
1654091578000000000        1  67    s
1654091582000000000        2  65    s
1654091588000000000        1  67    f
1654091590000000000        2  65    f
1654091591000000000        1  68    s
1654091595000000000        2  66    s
1654091601000000000        1  68    f
1654091603000000000        2  66    f
1654091604000000000        1  69    s
1654091608000000000        2  67    s
1654091614000000000        1  69    f
1654091616000000000        2  67    f
1654091617000000000        1  70    s
1654091621000000000        2  68    s
1654091628000000000        2  68    f
1654091629000000000        1  70    f
1654091634000000000        1  71    s
1654091644000000000        1  71    f
1654091647000000000        1  72    s
1654091652000000000        2  69    s
1654091659000000000        1  72    f
1654091659000000000        2  69    f
1654091662000000000        1  73    s
1654091662000000000        2  70    s
1654091670000000000        2  70    f
1654091671000000000        1  73    f
1654091673000000000        2  71    s
1654091674000000000        1  74    s
1654091682000000000        2  71    f
1654091683000000000        1  74    f
1654091685000000000        2  72    s
1654091686000000000        1  75    s
1654091692000000000        2  72    f
1654091695000000000        1  75    f
1654091695000000000        2  73    s
1654091698000000000        1  76    s
1654091702000000000        2  73    f
1654091705000000000        2  74    s
1654091708000000000        1  76    f
1654091711000000000        1  77    s
1654091713000000000        2  74    f
1654091716000000000        2  75    s
1654091720000000000        1  77    f
1654091723000000000        1  78    s
1654091725000000000        2  75    f
1654091728000000000        2  76    s
1654091731000000000        1  78    f
1654091734000000000        1  79    s
1654091736000000000        2  76    f
1654091740000000000        2  77    s
1654091744000000000        1  79    f
1654091748000000000        1  80    s
1654091748000000000        2  77    f
1654091752000000000        2  78    s
1654091756000000000        1  80    f
1654091759000000000        1  81    s
1654091760000000000        2  78    f
1654091765000000000        2  79    s
1654091770000000000        1  81    f
1654091773000000000        1  82    s
1654091773000000000        2  79    f
1654091777000000000        2  80    s
1654091784000000000        1  82    f
1654091784000000000        2  80    f
1654091787000000000        1  83    s
1654091791000000000        2  81    s
1654091796000000000        1  83    f
1654091799000000000        1  84    s
1654091799000000000        2  81    f
1654091804000000000        2  82    s
1654091810000000000        1  84    f
1654091813000000000        1  85    s
1654091813000000000        2  82    f
1654091817000000000        2  83    s
1654091822000000000        1  85    f
1654091825000000000        1  86    s
1654091833000000000        2  83    f
1654091835000000000        1  86    f
1654091838000000000        1  87    s
1654091842000000000        2  84    s
1654091849000000000        1  87    f
1654091852000000000        1  88    s
1654091858000000000        2  84    f
1654091860000000000        1  88    f
1654091861000000000        2  85    s
1654091863000000000        1  89    s
1654091873000000000        1  89    f
1654091875000000000        2  85    f
1654091876000000000        1  90    s
1654091878000000000        2  86    s
1654091886000000000        1  90    f
1654091890000000000        1  91    s
1654091893000000000        2  86    f
1654091896000000000        2  87    s
1654091899000000000        1  91    f
1654091902000000000        1  92    s
1654091911000000000        2  87    f
1654091913000000000        1  92    f
1654091914000000000        2  88    s
1654091916000000000        1  93    s
1654091925000000000        1  93    f
1654091928000000000        1  94    s
1654091931000000000        2  88    f
1654091934000000000        2  89    s
1654091939000000000        1  94    f
1654091942000000000        1  95    s
1654091950000000000        2  89    f
1654091951000000000        1  95    f
1654091953000000000        2  90    s
1654091954000000000        1  96    s
1654091964000000000        1  96    f
1654091967000000000        1  97    s
1654091969000000000        2  90    f
1654091972000000000        2  91    s
1654091977000000000        1  97    f
1654091980000000000        1  98    s
1654091988000000000        2  91    f
1654091991000000000        1  98    f
1654091991000000000        2  92    s
1654091994000000000        1  99    s
1654092003000000000        1  99    f
1654092005000000000        2  92    f
1654092006000000000        1 100    s
1654092008000000000        2  93    s
1654092016000000000        1 100    f
1654092019000000000        1 101    s
1654092027000000000        2  93    f
1654092028000000000        1 101    f
1654092030000000000        2  94    s
1654092031000000000        1 102    s
1654092042000000000        1 102    f
1654092045000000000        1 103    s
1654092047000000000        2  94    f
1654092051000000000        2  95    s
1654092053000000000        1 103    f
1654092056000000000        1 104    s
1654092065000000000        1 104    f
1654092066000000000        2  95    f
1654092068000000000        1 105    s
1654092070000000000        2  96    s
1654092080000000000        1 105    f
1654092083000000000        1 106    s
1654092086000000000        2  96    f
1654092089000000000        2  97    s
1654092095000000000        1 106    f
1654092105000000000        2  97    f
1654092108000000000        2  98    s
1654092113000000000        1 107    s
1654092124000000000        1 107    f
1654092124000000000        2  98    f
1654092127000000000        1 108    s
1654092128000000000        2  99    s
1654092135000000000        1 108    f
1654092139000000000        1 109    s
1654092141000000000        2  99    f
1654092144000000000        2 100    s
1654092148000000000        1 109    f
1654092151000000000        1 110    s
1654092159000000000        2 100    f
1654092162000000000        1 110    f
1654092162000000000        2 101    s
1654092178000000000        2 101    f
1654092181000000000        2 102    s
1654092187000000000        1 111    s
1654092196000000000        1 111    f
1654092196000000000        2 102    f
1654092199000000000        1 112    s
1654092199000000000        2 103    s
1654092210000000000        1 112    f
1654092213000000000        1 113    s
1654092217000000000        2 103    f
1654092220000000000        2 104    s
1654092223000000000        1 113    f
1654092226000000000        1 114    s
1654092235000000000        2 104    f
1654092237000000000        1 114    f
1654092238000000000        2 105    s
1654092255000000000        2 105    f
1654092258000000000        2 106    s
1654092264000000000        1 115    s
1654092273000000000        1 115    f
1654092273000000000        2 106    f
1654092276000000000        1 116    s
1654092277000000000        2 107    s
1654092285000000000        1 116    f
1654092288000000000        1 117    s
1654092292000000000        2 107    f
1654092295000000000        2 108    s
1654092299000000000        1 117    f
1654092302000000000        1 118    s
1654092311000000000        2 108    f
1654092312000000000        1 118    f
1654092315000000000        2 109    s
1654092331000000000        2 109    f
1654092334000000000        2 110    s
1654092339000000000        1 119    s
1654092349000000000        1 119    f
1654092350000000000        2 110    f
1654092352000000000        1 120    s
1654092354000000000        2 111    s
1654092360000000000        1 120    f
1654092364000000000        1 121    s
1654092370000000000        2 111    f
1654092373000000000        1 121    f
1654092373000000000        2 112    s
1654092379000000000        1 122    s
1654092388000000000        1 122    f
1654092389000000000        2 112    f
1654092392000000000        2 113    s
1654092408000000000        2 113    f
1654092411000000000        2 114    s
1654092416000000000        1 123    s
1654092426000000000        1 123    f
1654092429000000000        1 124    s
1654092429000000000        2 114    f
1654092432000000000        2 115    s
1654092436000000000        1 124    f
1654092440000000000        1 125    s
1654092447000000000        2 115    f
1654092448000000000        1 125    f
1654092450000000000        2 116    s
1654092466000000000        2 116    f
1654092469000000000        2 117    s
1654092474000000000        1 126    s
1654092484000000000        1 126    f
1654092484000000000        2 117    f
1654092487000000000        1 127    s
1654092487000000000        2 118    s
1654092495000000000        1 127    f
1654092498000000000        1 128    s
1654092503000000000        2 118    f
1654092506000000000        2 119    s
1654092507000000000        1 128    f
1654092511000000000        1 129    s
1654092520000000000        1 129    f
1654092521000000000        2 119    f
1654092524000000000        2 120    s
1654092529000000000        1 130    s
1654092539000000000        1 130    f
1654092539000000000        2 120    f
1654092542000000000        2 121    s
1654092622000000000        2 121    f
1654092625000000000        2 122    s
1654092631000000000        1 131    s
1654092632000000000        2 122    f
1654092635000000000        2 123    s
1654092639000000000        1 131    f