               time activity  id type
1654087696000000000        1   1    f
1654087699000000000        1   2    s
1654087707000000000        1   2    f
1654087710000000000        1   3    s
1654087716000000000        2   1    s
1654087719000000000        1   3    f
1654087723000000000        1   4    s
1654087725000000000        2   1    f
1654087730000000000        1   4    f
1654087734000000000        1   5    s
1654087738000000000        2   2    s
1654087742000000000        1   5    f
1654087745000000000        1   6    s
1654087747000000000        2   2    f
1654087750000000000        2   3    s
1654087755000000000        1   6    f
1654087756000000000        2   3    f
1654087758000000000        1   7    s
1654087759000000000        2   4    s
1654087767000000000        1   7    f
1654087767000000000        2   4    f
1654087770000000000        2   5    s
1654087771000000000        1   8    s
1654087778000000000        2   5    f
1654087780000000000        1   8    f
1654087781000000000        2   6    s
1654087783000000000        1   9    s
1654087788000000000        2   6    f
1654087791000000000        1   9    f
1654087791000000000        2   7    s
1654087794000000000        1  10    s
1654087799000000000        2   7    f
1654087802000000000        2   8    s
1654087804000000000        1  10    f
1654087807000000000        1  11    s
1654087811000000000        2   8    f
1654087814000000000        2   9    s
1654087815000000000        1  11    f
1654087818000000000        1  12    s
1654087821000000000        2   9    f
1654087825000000000        2  10    s
1654087828000000000        1  12    f
1654087831000000000        1  13    s
1654087831000000000        2  10    f
1654087835000000000        2  11    s
1654087840000000000        1  13    f
1654087843000000000        1  14    s
1654087844000000000        2  11    f
1654087848000000000        2  12    s
1654087851000000000        1  14    f
1654087854000000000        1  15    s
1654087855000000000        2  12    f
1654087860000000000        2  13    s
1654087864000000000        1  15    f
1654087867000000000        1  16    s
1654087868000000000        2  13    f
1654087872000000000        2  14    s
1654087876000000000        1  16    f
1654087879000000000        1  17    s
1654087880000000000        2  14    f
1654087884000000000        2  15    s
1654087889000000000        1  17    f
1654087892000000000        2  15    f
1654087893000000000        1  18    s
1654087897000000000        2  16    s
1654087900000000000        1  18    f
1654087903000000000        1  19    s
1654087905000000000        2  16    f
1654087910000000000        2  17    s
1654087913000000000        1  19    f
1654087916000000000        1  20    s
1654087917000000000        2  17    f
1654087920000000000        2  18    s
1654087927000000000        1  20    f
1654087928000000000        2  18    f
1654087930000000000        1  21    s
1654087934000000000        2  19    s
1654087939000000000        1  21    f
1654087941000000000        2  19    f
1654087942000000000        1  22    s
1654087947000000000        2  20    s
1654087952000000000        1  22    f
1654087955000000000        1  23    s
1654087955000000000        2  20    f
1654087959000000000        2  21    s
1654087964000000000        1  23    f
1654087967000000000        1  24    s
1654087967000000000        2  21    f
1654087972000000000        2  22    s
1654087977000000000        1  24    f
1654087979000000000        2  22    f
1654087980000000000        1  25    s
1654087985000000000        2  23    s
1654087992000000000        1  25    f
1654087993000000000        2  23    f
1654087995000000000        1  26    s
1654088004000000000        1  26    f
1654088007000000000        1  27    s
1654088012000000000        2  24    s
1654088018000000000        1  27    f
1654088019000000000        2  24    f
1654088021000000000        1  28    s
1654088022000000000        2  25    s
1654088030000000000        2  25    f
1654088032000000000        1  28    f
1654088033000000000        2  26    s
1654088035000000000        1  29    s
1654088040000000000        2  26    f
1654088043000000000        2  27    s
1654088045000000000        1  29    f
1654088048000000000        1  30    s
1654088051000000000        2  27    f
1654088054000000000        2  28    s
1654088056000000000        1  30    f
1654088059000000000        1  31    s
1654088062000000000        2  28    f
1654088065000000000        2  29    s
1654088068000000000        1  31    f
1654088072000000000        1  32    s
1654088072000000000        2  29    f
1654088076000000000        2  30    s
1654088083000000000        1  32    f
1654088085000000000        2  30    f
1654088086000000000        1  33    s
1654088090000000000        2  31    s
1654088097000000000        1  33    f
1654088097000000000        2  31    f
1654088100000000000        1  34    s
1654088104000000000        2  32    s
1654088109000000000        1  34    f
1654088111000000000        2  32    f
1654088112000000000        1  35    s
1654088117000000000        2  33    s
1654088122000000000        1  35    f
1654088126000000000        1  36    s
1654088126000000000        2  33    f
1654088130000000000        2  34    s
1654088134000000000        1  36    f
1654088137000000000        1  37    s
1654088137000000000        2  34    f
1654088142000000000        2  35    s
1654088146000000000        1  37    f
1654088149000000000        1  38    s
1654088149000000000        2  35    f
1654088154000000000        2  36    s
1654088158000000000        1  38    f
1654088161000000000        1  39    s
1654088162000000000        2  36    f
1654088166000000000        2  37    s
1654088169000000000        1  39    f
1654088172000000000        1  40    s
1654088174000000000        2  37    f
1654088178000000000        2  38    s
1654088182000000000        1  40    f
1654088185000000000        1  41    s
1654088185000000000        2  38    f
1654088189000000000        2  39    s
1654088195000000000        1  41    f
1654088197000000000        2  39    f
1654088198000000000        1  42    s
1654088202000000000        2  40    s
1654088207000000000        1  42    f
1654088211000000000        1  43    s
1654088211000000000        2  40    f
1654088215000000000        2  41    s
1654088222000000000        1  43    f
1654088223000000000        2  41    f
1654088225000000000        1  44    s
1654088234000000000        1  44    f
1654088237000000000        1  45    s
1654088241000000000        2  42    s
1654088248000000000        1  45    f
1654088248000000000        2  42    f
1654088251000000000        1  46    s
1654088252000000000        2  43    s
1654088259000000000        2  43    f
1654088260000000000        1  46    f
1654088262000000000        2  44    s
1654088263000000000        1  47    s
1654088270000000000        2  44    f
1654088273000000000        2  45    s
1654088274000000000        1  47    f
1654088277000000000        1  48    s
1654088280000000000        2  45    f
1654088283000000000        2  46    s
1654088287000000000        1  48    f
1654088290000000000        1  49    s
1654088290000000000        2  46    f
1654088295000000000        2  47    s
1654088300000000000        1  49    f
1654088302000000000        2  47    f
1654088303000000000        1  50    s
1654088307000000000        2  48    s
1654088312000000000        1  50    f
1654088315000000000        1  51    s
1654088315000000000        2  48    f
1654088320000000000        2  49    s
1654088325000000000        1  51    f
1654088327000000000        2  49    f
1654088328000000000        1  52    s
1654088333000000000        2  50    s
1654088338000000000        1  52    f
1654088340000000000        2  50    f
1654088341000000000        1  53    s
1654088346000000000        2  51    s
1654088351000000000        1  53    f
1654088354000000000        1  54    s
1654088354000000000        2  51    f
1654088359000000000        2  52    s
1654088365000000000        1  54    f
1654088367000000000        2  52    f
1654088368000000000        1  55    s
1654088372000000000        2  53    s
1654088376000000000        1  55    f
1654088379000000000        1  56    s
1654088381000000000        2  53    f
1654088385000000000        2  54    s
1654088388000000000        1  56    f
1654088392000000000        1  57    s
1654088392000000000        2  54    f
1654088396000000000        2  55    s
1654088403000000000        1  57    f
1654088404000000000        2  55    f
1654088406000000000        1  58    s
1654088411000000000        2  56    s
1654088417000000000        1  58    f
1654088417000000000        2  56    f
1654088420000000000        1  59    s
1654088424000000000        2  57    s
1654088429000000000        1  59    f
1654088432000000000        1  60    s
1654088432000000000        2  57    f
1654088437000000000        2  58    s
1654088441000000000        1  60    f
1654088444000000000        1  61    s
1654088444000000000        2  58    f
1654088449000000000        2  59    s
1654088455000000000        1  61    f
1654088456000000000        2  59    f
1654088458000000000        1  62    s
1654088463000000000        2  60    s
1654088466000000000        1  62    f
1654088470000000000        1  63    s
1654088471000000000        2  60    f
1654088476000000000        2  61    s
1654088479000000000        1  63    f
1654088482000000000        1  64    s
1654088483000000000        2  61    f
1654088487000000000        2  62    s
1654088492000000000        1  64    f
1654088496000000000        1  65    s
1654088496000000000        2  62    f
1654088500000000000        2  63    s
1654088505000000000        1  65    f
1654088508000000000        1  66    s
1654088508000000000        2  63    f
1654088513000000000        2  64    s
1654088519000000000        1  66    f
1654088519000000000        2  64    f
1654088522000000000        1  67    s
1654088526000000000        2  65    s
1654088532000000000        1  67    f
1654088534000000000        2  65    f
1654088535000000000        1  68    s
1654088539000000000        2  66    s
1654088543000000000        1  68    f
1654088546000000000        1  69    s
1654088547000000000        2  66    f
1654088552000000000        2  67    s
1654088554000000000        1  69    f
1654088557000000000        1  70    s
1654088560000000000        2  67    f
1654088563000000000        2  68    s
1654088567000000000        1  70    f
1654088571000000000        1  71    s
1654088571000000000        2  68    f
1654088575000000000        2  69    s
1654088580000000000        1  71    f
1654088581000000000        2  69    f
1654088583000000000        1  72    s
1654088588000000000        2  70    s
1654088592000000000        1  72    f
1654088595000000000        2  70    f
1654088596000000000        1  73    s
1654088600000000000        2  71    s
1654088606000000000        1  73    f
1654088608000000000        2  71    f
1654088609000000000        1  74    s
1654088613000000000        2  72    s
1654088618000000000        1  74    f
1654088620000000000        2  72    f
1654088621000000000        1  75    s
1654088626000000000        2  73    s
1654088631000000000        1  75    f
1654088633000000000        2  73    f
1654088634000000000        1  76    s
1654088639000000000        2  74    s
1654088644000000000        1  76    f
1654088646000000000        2  74    f
1654088647000000000        1  77    s
1654088652000000000        2  75    s
1654088655000000000        1  77    f
1654088658000000000        1  78    s
1654088659000000000        2  75    f
1654088664000000000        2  76    s
1654088668000000000        1  78    f
1654088671000000000        1  79    s
1654088671000000000        2  76    f
1654088676000000000        2  77    s
1654088681000000000        1  79    f
1654088685000000000        1  80    s
1654088685000000000        2  77    f
1654088689000000000        2  78    s
1654088694000000000        1  80    f
1654088696000000000        2  78    f
1654088697000000000        1  81    s
1654088702000000000        2  79    s
1654088707000000000        1  81    f
1654088710000000000        1  82    s
1654088710000000000        2  79    f
1654088715000000000        2  80    s
1654088718000000000        1  82    f
1654088721000000000        1  83    s
1654088723000000000        2  80    f
1654088727000000000        2  81    s
1654088730000000000        1  83    f
1654088733000000000        1  84    s
1654088734000000000        2  81    f
1654088738000000000        2  82    s
1654088742000000000        1  84    f
1654088745000000000        1  85    s
1654088746000000000        2  82    f
1654088751000000000        2  83    s
1654088756000000000        1  85    f
1654088758000000000        2  83    f
1654088760000000000        1  86    s
1654088764000000000        2  84    s
1654088769000000000        1  86    f
1654088771000000000        2  84    f
1654088772000000000        1  87    s
1654088777000000000        2  85    s
1654088782000000000        1  87    f
1654088785000000000        1  88    s
1654088785000000000        2  85    f
1654088789000000000        2  86    s
1654088794000000000        1  88    f
1654088797000000000        2  86    f
1654088798000000000        1  89    s
1654088802000000000        2  87    s
1654088805000000000        1  89    f
1654088808000000000        1  90    s
1654088808000000000        2  87    f
1654088815000000000        2  88    s
1654088818000000000        1  90    f
1654088822000000000        1  91    s
1654088823000000000        2  88    f
1654088827000000000        2  89    s
1654088831000000000        1  91    f
1654088834000000000        1  92    s
1654088836000000000        2  89    f
1654088839000000000        2  90    s
1654088844000000000        1  92    f
1654088846000000000        2  90    f
1654088847000000000        1  93    s
1654088852000000000        2  91    s
1654088858000000000        1  93    f
1654088859000000000        2  91    f
1654088861000000000        1  94    s
1654088865000000000        2  92    s
1654088870000000000        1  94    f
1654088873000000000        1  95    s
1654088873000000000        2  92    f
1654088878000000000        2  93    s
1654088882000000000        1  95    f
1654088885000000000        1  96    s
1654088885000000000        2  93    f
1654088890000000000        2  94    s
1654088895000000000        1  96    f
1654088897000000000        2  94    f
1654088898000000000        1  97    s
1654088903000000000        2  95    s
1654088908000000000        1  97    f
1654088910000000000        2  95    f
1654088911000000000        1  98    s
1654088916000000000        2  96    s
1654088922000000000        1  98    f
1654088923000000000        2  96    f
1654088925000000000        1  99    s
1654088929000000000        2  97    s
1654088936000000000        1  99    f
1654088937000000000        2  97    f
1654088939000000000        1 100    s
1654088943000000000        2  98    s
1654088950000000000        1 100    f
1654088950000000000        2  98    f
1654088953000000000        1 101    s
1654088957000000000        2  99    s
1654088962000000000        1 101    f
1654088965000000000        1 102    s
1654088965000000000        2  99    f
1654088970000000000        2 100    s
1654088975000000000        1 102    f
1654088978000000000        1 103    s
1654088985000000000        2 100    f
1654088988000000000        1 103    f
1654088991000000000        1 104    s
1654088995000000000        2 101    s
1654089000000000000        1 104    f
1654089003000000000        1 105    s
1654089011000000000        2 101    f
1654089014000000000        2 102    s
1654089015000000000        1 105    f
1654089020000000000        1 106    s
1654089028000000000        2 102    f
1654089029000000000        1 106    f
1654089032000000000        1 107    s
1654089032000000000        2 103    s
1654089042000000000        1 107    f
1654089045000000000        1 108    s
1654089046000000000        2 103    f
1654089050000000000        2 104    s
1654089054000000000        1 108    f
1654089057000000000        1 109    s
1654089065000000000        2 104    f
1654089067000000000        1 109    f
1654089068000000000        2 105    s
1654089070000000000        1 110    s
1654089080000000000        1 110    f
1654089084000000000        1 111    s
1654089085000000000        2 105    f
1654089088000000000        2 106    s
1654089095000000000        1 111    f
1654089098000000000        1 112    s
1654089103000000000        2 106    f
1654089106000000000        2 107    s
1654089108000000000        1 112    f
1654089111000000000        1 113    s
1654089122000000000        1 113    f
1654089122000000000        2 107    f
1654089125000000000        2 108    s
1654089126000000000        1 114    s
1654089135000000000        1 114    f
1654089138000000000        1 115    s
1654089143000000000        2 108    f
1654089146000000000        2 109    s
1654089150000000000        1 115    f
1654089153000000000        1 116    s
1654089161000000000        2 109    f
1654089162000000000        1 116    f
1654089164000000000        2 110    s
1654089165000000000        1 117    s
1654089175000000000        1 117    f
1654089179000000000        1 118    s
1654089180000000000        2 110    f
1654089183000000000        2 111    s
1654089188000000000        1 118    f
1654089191000000000        1 119    s
1654089198000000000        2 111    f
1654089200000000000        1 119    f
1654089201000000000        2 112    s
1654089203000000000        1 120    s
1654089212000000000        1 120    f
1654089215000000000        1 121    s
1654089218000000000        2 112    f
1654089221000000000        2 113    s
1654089227000000000        1 121    f
1654089231000000000        1 122    s
1654089238000000000        2 113    f
1654089241000000000        1 122    f
1654089241000000000        2 114    s
1654089244000000000        1 123    s
1654089254000000000        1 123    f
1654089255000000000        2 114    f
1654089257000000000        1 124    s
1654089258000000000        2 115    s
1654089265000000000        1 124    f
1654089269000000000        1 125    s
1654089274000000000        2 115    f
1654089277000000000        2 116    s
1654089279000000000        1 125    f
1654089282000000000        1 126    s
1654089290000000000        1 126    f
1654089294000000000        2 116    f
1654089297000000000        2 117    s
1654089304000000000        1 127    s
1654089312000000000        2 117    f
1654089315000000000        1 127    f
1654089315000000000        2 118    s
1654089318000000000        1 128    s
1654089328000000000        1 128    f
1654089329000000000        2 118    f
1654089331000000000        1 129    s
1654089332000000000        2 119    s
1654089340000000000        1 129    f
1654089343000000000        1 130    s
1654089349000000000        2 119    f
1654089352000000000        2 120    s
1654089353000000000        1 130    f
1654089366000000000        2 120    f
1654089369000000000        2 121    s
1654089375000000000        1 131    s
1654089384000000000        1 131    f
1654089385000000000        2 121    f
1654089387000000000        1 132    s
1654089388000000000        2 122    s
1654089397000000000        1 132    f
1654089400000000000        1 133    s
1654089403000000000        2 122    f
1654089407000000000        2 123    s
1654089409000000000        1 133    f
1654089412000000000        1 134    s
1654089421000000000        1 134    f
1654089421000000000        2 123    f
1654089424000000000        2 124    s
1654089438000000000        2 124    f
1654089441000000000        2 125    s
1654089447000000000        1 135    s
1654089456000000000        1 135    f
1654089456000000000        2 125    f
1654089459000000000        1 136    s
1654089459000000000        2 126    s
1654089470000000000        1 136    f
1654089473000000000        1 137    s
1654089474000000000        2 126    f
1654089477000000000        2 127    s
1654089483000000000        1 137    f
1654089486000000000        1 138    s
1654089492000000000        2 127    f
1654089495000000000        2 128    s
1654089496000000000        1 138    f
1654089499000000000        1 139    s
1654089509000000000        1 139    f
1654089509000000000        2 128    f
1654089512000000000        2 129    s
1654089527000000000        2 129    f
1654089530000000000        2 130    s
1654089536000000000        1 140    s
1654089544000000000        2 130    f
1654089545000000000        1 140    f
1654089548000000000        1 141    s
1654089548000000000        2 131    s
1654089557000000000        1 141    f
1654089560000000000        1 142    s
1654089562000000000        2 131    f
1654089565000000000        2 132    s
1654089570000000000        1 142    f
1654089574000000000        1 143    s
1654089582000000000        2 132    f
1654089583000000000        1 143    f
1654089585000000000        2 133    s
1654089600000000000        2 133    f
1654089603000000000        2 134    s
1654089609000000000        1 144    s
1654089617000000000        2 134    f
1654089618000000000        1 144    f
1654089620000000000        2 135    s
1654089621000000000        1 145    s
1654089629000000000        1 145    f
1654089632000000000        1 146    s
1654089635000000000        2 135    f
1654089638000000000        2 136    s
1654089641000000000        1 146    f
1654089645000000000        1 147    s
1654089653000000000        1 147    f
1654089653000000000        2 136    f
1654089656000000000        2 137    s
1654089671000000000        2 137    f
1654089674000000000        2 138    s
1654089679000000000        1 148    s
1654089687000000000        1 148    f
1654089689000000000        2 138    f
1654089691000000000        1 149    s
1654089693000000000        2 139    s
1654089700000000000        1 149    f
1654089703000000000        1 150    s
1654089708000000000        2 139    f
1654089711000000000        1 150    f
1654089711000000000        2 140    s
1654089716000000000        1 151    s
1654089727000000000        1 151    f
1654089728000000000        2 140    f
1654089731000000000        2 141    s
1654089736000000000        1 152    s
1654089746000000000        1 152    f
1654089746000000000        2 141    f
1654089749000000000        2 142    s
1654089765000000000        2 142    f
1654089769000000000        2 143    s
1654089775000000000        1 153    s
1654089784000000000        1 153    f
1654089787000000000        1 154    s
1654089797000000000        1 154    f