               time activity  id type
1654079481000000000        1   1    f
1654079484000000000        1   2    s
1654079494000000000        1   2    f
1654079497000000000        1   3    s
1654079502000000000        2   1    s
1654079506000000000        1   3    f
1654079509000000000        1   4    s
1654079509000000000        2   1    f
1654079519000000000        1   4    f
1654079522000000000        1   5    s
1654079526000000000        2   2    s
1654079532000000000        1   5    f
1654079534000000000        2   2    f
1654079535000000000        1   6    s
1654079537000000000        2   3    s
1654079543000000000        1   6    f
1654079545000000000        2   3    f
1654079546000000000        1   7    s
1654079548000000000        2   4    s
1654079556000000000        1   7    f
1654079556000000000        2   4    f
1654079559000000000        1   8    s
1654079559000000000        2   5    s
1654079568000000000        2   5    f
1654079569000000000        1   8    f
1654079572000000000        1   9    s
1654079572000000000        2   6    s
1654079579000000000        2   6    f
1654079581000000000        1   9    f
1654079582000000000        2   7    s
1654079584000000000        1  10    s
1654079590000000000        2   7    f
1654079593000000000        2   8    s
1654079595000000000        1  10    f
1654079598000000000        1  11    s
1654079600000000000        2   8    f
1654079603000000000        2   9    s
1654079607000000000        1  11    f
1654079610000000000        1  12    s
1654079611000000000        2   9    f
1654079616000000000        2  10    s
1654079621000000000        1  12    f
1654079623000000000        2  10    f
1654079624000000000        1  13    s
1654079628000000000        2  11    s
1654079634000000000        1  13    f
1654079635000000000        2  11    f
1654079638000000000        1  14    s
1654079642000000000        2  12    s
1654079646000000000        1  14    f
1654079649000000000        1  15    s
1654079649000000000        2  12    f
1654079655000000000        2  13    s
1654079658000000000        1  15    f
1654079661000000000        1  16    s
1654079664000000000        2  13    f
1654079667000000000        2  14    s
1654079670000000000        1  16    f
1654079673000000000        1  17    s
1654079674000000000        2  14    f
1654079678000000000        2  15    s
1654079681000000000        1  17    f
1654079685000000000        1  18    s
1654079686000000000        2  15    f
1654079690000000000        2  16    s
1654079696000000000        1  18    f
1654079698000000000        2  16    f
1654079699000000000        1  19    s
1654079703000000000        2  17    s
1654079709000000000        1  19    f
1654079711000000000        2  17    f
1654079712000000000        1  20    s
1654079717000000000        2  18    s
1654079723000000000        1  20    f
1654079725000000000        2  18    f
1654079726000000000        1  21    s
1654079731000000000        2  19    s
1654079736000000000        1  21    f
1654079737000000000        2  19    f
1654079740000000000        1  22    s
1654079744000000000        2  20    s
1654079750000000000        1  22    f
1654079752000000000        2  20    f
1654079753000000000        1  23    s
1654079757000000000        2  21    s
1654079762000000000        1  23    f
1654079764000000000        2  21    f
1654079765000000000        1  24    s
1654079770000000000        2  22    s
1654079774000000000        1  24    f
1654079777000000000        1  25    s
1654079777000000000        2  22    f
1654079782000000000        2  23    s
1654079786000000000        1  25    f
1654079789000000000        1  26    s
1654079790000000000        2  23    f
1654079794000000000        2  24    s
1654079799000000000        1  26    f
1654079802000000000        1  27    s
1654079802000000000        2  24    f
1654079806000000000        2  25    s
1654079814000000000        1  27    f
1654079814000000000        2  25    f
1654079818000000000        1  28    s
1654079828000000000        1  28    f
1654079831000000000        1  29    s
1654079835000000000        2  26    s
1654079842000000000        1  29    f
1654079843000000000        2  26    f
1654079846000000000        1  30    s
1654079847000000000        2  27    s
1654079855000000000        1  30    f
1654079855000000000        2  27    f
1654079858000000000        1  31    s
1654079858000000000        2  28    s
1654079866000000000        2  28    f
1654079868000000000        1  31    f
1654079869000000000        2  29    s
1654079871000000000        1  32    s
1654079877000000000        2  29    f
1654079880000000000        1  32    f
1654079880000000000        2  30    s
1654079883000000000        1  33    s
1654079886000000000        2  30    f
1654079889000000000        2  31    s
1654079893000000000        1  33    f
1654079897000000000        1  34    s
1654079898000000000        2  31    f
1654079901000000000        2  32    s
1654079908000000000        1  34    f
1654079908000000000        2  32    f
1654079911000000000        1  35    s
1654079915000000000        2  33    s
1654079920000000000        1  35    f
1654079923000000000        1  36    s
1654079924000000000        2  33    f
1654079928000000000        2  34    s
1654079933000000000        1  36    f
1654079936000000000        2  34    f
1654079937000000000        1  37    s
1654079941000000000        2  35    s
1654079945000000000        1  37    f
1654079948000000000        1  38    s
1654079948000000000        2  35    f
1654079954000000000        2  36    s
1654079957000000000        1  38    f
1654079960000000000        1  39    s
1654079961000000000        2  36    f
1654079965000000000        2  37    s
1654079971000000000        1  39    f
1654079974000000000        1  40    s
1654079974000000000        2  37    f
1654079978000000000        2  38    s
1654079984000000000        1  40    f
1654079986000000000        2  38    f
1654079987000000000        1  41    s
1654079991000000000        2  39    s
1654079995000000000        1  41    f
1654079998000000000        1  42    s
1654080000000000000        2  39    f
1654080004000000000        2  40    s
1654080010000000000        1  42    f
1654080012000000000        2  40    f
1654080013000000000        1  43    s
1654080017000000000        2  41    s
1654080021000000000        1  43    f
1654080024000000000        1  44    s
1654080026000000000        2  41    f
1654080030000000000        2  42    s
1654080033000000000        1  44    f
1654080036000000000        1  45    s
1654080038000000000        2  42    f
1654080042000000000        2  43    s
1654080047000000000        1  45    f
1654080049000000000        2  43    f
1654080050000000000        1  46    s
1654080054000000000        2  44    s
1654080059000000000        1  46    f
1654080062000000000        1  47    s
1654080063000000000        2  44    f
1654080067000000000        2  45    s
1654080072000000000        1  47    f
1654080076000000000        1  48    s
1654080076000000000        2  45    f
1654080080000000000        2  46    s
1654080084000000000        1  48    f
1654080087000000000        1  49    s
1654080089000000000        2  46    f
1654080093000000000        2  47    s
1654080096000000000        1  49    f
1654080099000000000        1  50    s
1654080102000000000        2  47    f
1654080105000000000        2  48    s
1654080109000000000        1  50    f
1654080112000000000        1  51    s
1654080113000000000        2  48    f
1654080117000000000        2  49    s
1654080121000000000        1  51    f
1654080124000000000        2  49    f
1654080125000000000        1  52    s
1654080129000000000        2  50    s
1654080135000000000        1  52    f
1654080137000000000        2  50    f
1654080138000000000        1  53    s
1654080143000000000        2  51    s
1654080148000000000        1  53    f
1654080151000000000        2  51    f
1654080152000000000        1  54    s
1654080156000000000        2  52    s
1654080161000000000        1  54    f
1654080163000000000        2  52    f
1654080164000000000        1  55    s
1654080169000000000        2  53    s
1654080172000000000        1  55    f
1654080175000000000        1  56    s
1654080176000000000        2  53    f
1654080181000000000        2  54    s
1654080184000000000        1  56    f
1654080187000000000        1  57    s
1654080189000000000        2  54    f
1654080193000000000        2  55    s
1654080199000000000        1  57    f
1654080201000000000        2  55    f
1654080202000000000        1  58    s
1654080206000000000        2  56    s
1654080212000000000        1  58    f
1654080214000000000        2  56    f
1654080215000000000        1  59    s
1654080220000000000        2  57    s
1654080226000000000        1  59    f
1654080227000000000        2  57    f
1654080229000000000        1  60    s
1654080233000000000        2  58    s
1654080239000000000        1  60    f
1654080241000000000        2  58    f
1654080243000000000        1  61    s
1654080247000000000        2  59    s
1654080253000000000        1  61    f
1654080255000000000        2  59    f
1654080256000000000        1  62    s
1654080260000000000        2  60    s
1654080266000000000        1  62    f
1654080267000000000        2  60    f
1654080269000000000        1  63    s
1654080273000000000        2  61    s
1654080281000000000        1  63    f
1654080281000000000        2  61    f
1654080285000000000        1  64    s
1654080294000000000        1  64    f
1654080297000000000        1  65    s
1654080301000000000        2  62    s
1654080308000000000        1  65    f
1654080308000000000        2  62    f
1654080311000000000        1  66    s
1654080311000000000        2  63    s
1654080319000000000        2  63    f
1654080320000000000        1  66    f
1654080323000000000        1  67    s
1654080323000000000        2  64    s
1654080330000000000        2  64    f
1654080333000000000        1  67    f
1654080333000000000        2  65    s
1654080336000000000        1  68    s
1654080340000000000        2  65    f
1654080343000000000        2  66    s
1654080345000000000        1  68    f
1654080348000000000        1  69    s
1654080351000000000        2  66    f
1654080354000000000        2  67    s
1654080358000000000        1  69    f
1654080362000000000        1  70    s
1654080362000000000        2  67    f
1654080366000000000        2  68    s
1654080371000000000        1  70    f
1654080374000000000        1  71    s
1654080374000000000        2  68    f
1654080379000000000        2  69    s
1654080385000000000        1  71    f
1654080386000000000        2  69    f
1654080389000000000        1  72    s
1654080393000000000        2  70    s
1654080398000000000        1  72    f
1654080399000000000        2  70    f
1654080401000000000        1  73    s
1654080406000000000        2  71    s
1654080410000000000        1  73    f
1654080413000000000        1  74    s
1654080414000000000        2  71    f
1654080418000000000        2  72    s
1654080422000000000        1  74    f
1654080425000000000        1  75    s
1654080425000000000        2  72    f
1654080430000000000        2  73    s
1654080436000000000        1  75    f
1654080437000000000        2  73    f
1654080439000000000        1  76    s
1654080443000000000        2  74    s
1654080451000000000        1  76    f
1654080451000000000        2  74    f
1654080454000000000        1  77    s
1654080466000000000        1  77    f
1654080469000000000        1  78    s
1654080473000000000        2  75    s
1654080476000000000        1  78    f
1654080479000000000        1  79    s
1654080481000000000        2  75    f
1654080484000000000        2  76    s
1654080490000000000        1  79    f
1654080491000000000        2  76    f
1654080493000000000        1  80    s
1654080494000000000        2  77    s
1654080504000000000        1  80    f
1654080507000000000        1  81    s
1654080508000000000        2  77    f
1654080512000000000        2  78    s
1654080517000000000        1  81    f
1654080520000000000        1  82    s
1654080527000000000        2  78    f
1654080529000000000        1  82    f
1654080530000000000        2  79    s
1654080532000000000        1  83    s
1654080542000000000        1  83    f
1654080546000000000        1  84    s
1654080546000000000        2  79    f
1654080549000000000        2  80    s
1654080557000000000        1  84    f
1654080560000000000        1  85    s
1654080564000000000        2  80    f
1654080567000000000        2  81    s
1654080568000000000        1  85    f
1654080571000000000        1  86    s
1654080581000000000        1  86    f
1654080584000000000        1  87    s
1654080584000000000        2  81    f
1654080587000000000        2  82    s
1654080594000000000        1  87    f
1654080597000000000        1  88    s
1654080602000000000        2  82    f
1654080606000000000        2  83    s
1654080608000000000        1  88    f
1654080611000000000        1  89    s
1654080620000000000        2  83    f
1654080621000000000        1  89    f
1654080623000000000        2  84    s
1654080625000000000        1  90    s
1654080635000000000        1  90    f
1654080639000000000        1  91    s
1654080639000000000        2  84    f
1654080642000000000        2  85    s
1654080651000000000        1  91    f
1654080653000000000        1  92    s
1654080659000000000        2  85    f
1654080662000000000        2  86    s
1654080664000000000        1  92    f
1654080667000000000        1  93    s
1654080676000000000        1  93    f
1654080679000000000        1  94    s
1654080679000000000        2  86    f
1654080682000000000        2  87    s
1654080688000000000        1  94    f
1654080691000000000        1  95    s
1654080697000000000        2  87    f
1654080699000000000        1  95    f
1654080700000000000        2  88    s
1654080702000000000        1  96    s
1654080711000000000        1  96    f
1654080714000000000        1  97    s
1654080715000000000        2  88    f
1654080718000000000        2  89    s
1654080723000000000        1  97    f
1654080727000000000        1  98    s
1654080734000000000        2  89    f
1654080736000000000        1  98    f
1654080737000000000        2  90    s
1654080739000000000        1  99    s
1654080750000000000        1  99    f
1654080752000000000        2  90    f
1654080754000000000        1 100    s
1654080755000000000        2  91    s
1654080764000000000        1 100    f
1654080767000000000        1 101    s
1654080771000000000        2  91    f
1654080774000000000        2  92    s
1654080777000000000        1 101    f
1654080780000000000        1 102    s
1654080789000000000        1 102    f
1654080790000000000        2  92    f
1654080793000000000        2  93    s
1654080808000000000        2  93    f
1654080811000000000        2  94    s
1654080817000000000        1 103    s
1654080828000000000        1 103    f
1654080829000000000        2  94    f
1654080831000000000        1 104    s
1654080832000000000        2  95    s
1654080840000000000        1 104    f
1654080844000000000        1 105    s
1654080849000000000        2  95    f
1654080852000000000        2  96    s
1654080854000000000        1 105    f
1654080857000000000        1 106    s
1654080867000000000        1 106    f
1654080868000000000        2  96    f
1654080872000000000        2  97    s
1654080888000000000        2  97    f
1654080891000000000        2  98    s
1654080896000000000        1 107    s
1654080906000000000        1 107    f
1654080906000000000        2  98    f
1654080909000000000        1 108    s
1654080909000000000        2  99    s
1654080919000000000        1 108    f
1654080923000000000        1 109    s
1654080925000000000        2  99    f
1654080928000000000        2 100    s
1654080933000000000        1 109    f
1654080936000000000        1 110    s
1654080944000000000        2 100    f
1654080945000000000        1 110    f
1654080947000000000        2 101    s
1654080964000000000        2 101    f
1654080968000000000        2 102    s
1654080973000000000        1 111    s
1654080982000000000        1 111    f
1654080983000000000        2 102    f
1654080985000000000        1 112    s
1654080986000000000        2 103    s
1654080997000000000        1 112    f
1654081000000000000        1 113    s
1654081000000000000        2 103    f
1654081004000000000        2 104    s
1654081009000000000        1 113    f
1654081012000000000        1 114    s
1654081019000000000        2 104    f
1654081021000000000        1 114    f
1654081022000000000        2 105    s
1654081027000000000        1 115    s
1654081036000000000        2 105    f
1654081038000000000        1 115    f
1654081040000000000        2 106    s
1654081057000000000        2 106    f
1654081060000000000        2 107    s
1654081065000000000        1 116    s
1654081075000000000        1 116    f
1654081075000000000        2 107    f
1654081078000000000        1 117    s
1654081078000000000        2 108    s
1654081088000000000        1 117    f
1654081091000000000        1 118    s
1654081095000000000        2 108    f
1654081098000000000        2 109    s
1654081101000000000        1 118    f
1654081104000000000        1 119    s
1654081114000000000        1 119    f
1654081115000000000        2 109    f
1654081118000000000        2 110    s
1654081135000000000        2 110    f
1654081138000000000        2 111    s
1654081144000000000        1 120    s
1654081152000000000        2 111    f
1654081154000000000        1 120    f
1654081155000000000        2 112    s
1654081157000000000        1 121    s
1654081168000000000        1 121    f
1654081171000000000        1 122    s
1654081171000000000        2 112    f
1654081174000000000        2 113    s
1654081182000000000        1 122    f
1654081185000000000        1 123    s
1654081190000000000        2 113    f
1654081193000000000        2 114    s
1654081194000000000        1 123    f
1654081199000000000        1 124    s
1654081208000000000        1 124    f
1654081209000000000        2 114    f
1654081212000000000        2 115    s
1654081229000000000        2 115    f
1654081233000000000        2 116    s
1654081238000000000        1 125    s
1654081246000000000        1 125    f
1654081248000000000        2 116    f
1654081249000000000        1 126    s
1654081252000000000        2 117    s
1654081260000000000        1 126    f
1654081263000000000        1 127    s
1654081266000000000        2 117    f
1654081269000000000        2 118    s
1654081274000000000        1 127    f
1654081277000000000        1 128    s
1654081285000000000        1 128    f