               time activity  id type
1654093340000000000        1   1    f
1654093343000000000        1   2    s
1654093361000000000        2   1    s
1654093368000000000        2   1    f
1654093640000000000        1   2    f
1654093643000000000        1   3    s
1654093652000000000        1   3    f
1654093655000000000        1   4    s
1654093659000000000        2   2    s
1654093664000000000        1   4    f
1654093667000000000        1   5    s
1654093668000000000        2   2    f
1654093671000000000        2   3    s
1654093678000000000        1   5    f
1654093679000000000        2   3    f
1654093681000000000        1   6    s
1654093682000000000        2   4    s
1654093689000000000        2   4    f
1654093691000000000        1   6    f
1654093692000000000        2   5    s
1654093694000000000        1   7    s
1654093699000000000        2   5    f
1654093702000000000        2   6    s
1654093705000000000        1   7    f
1654093708000000000        1   8    s
1654093709000000000        2   6    f
1654093713000000000        2   7    s
1654093716000000000        1   8    f
1654093719000000000        1   9    s
1654093721000000000        2   7    f
1654093725000000000        2   8    s
1654093728000000000        1   9    f
1654093731000000000        1  10    s
1654093732000000000        2   8    f
1654093737000000000        2   9    s
1654093740000000000        1  10    f
1654093743000000000        1  11    s
1654093744000000000        2   9    f
1654093749000000000        2  10    s
1654093752000000000        1  11    f
1654093755000000000        1  12    s
1654093756000000000        2  10    f
1654093760000000000        2  11    s
1654093767000000000        1  12    f
1654093767000000000        2  11    f
1654093770000000000        1  13    s
1654093780000000000        1  13    f
1654093783000000000        1  14    s
1654093787000000000        2  12    s
1654093794000000000        1  14    f
1654093796000000000        2  12    f
1654093797000000000        1  15    s
1654093799000000000        2  13    s
1654093806000000000        2  13    f
1654093807000000000        1  15    f
1654093809000000000        2  14    s
1654093810000000000        1  16    s
1654093816000000000        2  14    f
1654093819000000000        2  15    s
1654093820000000000        1  16    f
1654093823000000000        1  17    s
1654093828000000000        2  15    f
1654093831000000000        2  16    s
1654093834000000000        1  17    f
1654093837000000000        1  18    s
1654093838000000000        2  16    f
1654093841000000000        2  17    s
1654093846000000000        1  18    f
1654093849000000000        2  17    f
1654093850000000000        1  19    s
1654093854000000000        2  18    s
1654093859000000000        1  19    f
1654093862000000000        1  20    s
1654093862000000000        2  18    f
1654093867000000000        2  19    s
1654093871000000000        1  20    f
1654093874000000000        1  21    s
1654093874000000000        2  19    f
1654093880000000000        2  20    s
1654093884000000000        1  21    f
1654093887000000000        2  20    f
1654093888000000000        1  22    s
1654093892000000000        2  21    s
1654093896000000000        1  22    f
1654093899000000000        1  23    s
1654093899000000000        2  21    f
1654093905000000000        2  22    s
1654093908000000000        1  23    f
1654093911000000000        1  24    s
1654093912000000000        2  22    f
1654093916000000000        2  23    s
1654093921000000000        1  24    f
1654093924000000000        1  25    s
1654093924000000000        2  23    f
1654093929000000000        2  24    s
1654093933000000000        1  25    f
1654093936000000000        1  26    s
1654093937000000000        2  24    f
1654093941000000000        2  25    s
1654093944000000000        1  26    f
1654093948000000000        1  27    s
1654093950000000000        2  25    f
1654093953000000000        2  26    s
1654093958000000000        1  27    f
1654093961000000000        1  28    s
1654093961000000000        2  26    f
1654093965000000000        2  27    s
1654093972000000000        1  28    f
1654093973000000000        2  27    f
1654093975000000000        1  29    s
1654093979000000000        2  28    s
1654093985000000000        1  29    f
1654093987000000000        2  28    f
1654093988000000000        1  30    s
1654093992000000000        2  29    s
1654093998000000000        1  30    f
1654093999000000000        2  29    f
1654094001000000000        1  31    s
1654094005000000000        2  30    s
1654094011000000000        1  31    f
1654094013000000000        2  30    f
1654094014000000000        1  32    s
1654094018000000000        2  31    s
1654094024000000000        1  32    f
1654094025000000000        2  31    f
1654094027000000000        1  33    s
1654094031000000000        2  32    s
1654094037000000000        1  33    f
1654094040000000000        1  34    s
1654094040000000000        2  32    f
1654094045000000000        2  33    s
1654094050000000000        1  34    f
1654094053000000000        2  33    f
1654094054000000000        1  35    s
1654094058000000000        2  34    s
1654094063000000000        1  35    f
1654094065000000000        2  34    f
1654094066000000000        1  36    s
1654094071000000000        2  35    s
1654094077000000000        1  36    f
1654094078000000000        2  35    f
1654094080000000000        1  37    s
1654094085000000000        2  36    s
1654094089000000000        1  37    f
1654094092000000000        1  38    s
1654094092000000000        2  36    f
1654094097000000000        2  37    s
1654094103000000000        1  38    f
1654094106000000000        2  37    f
1654094107000000000        1  39    s
1654094111000000000        2  38    s
1654094118000000000        2  38    f
1654094119000000000        1  39    f
1654094122000000000        1  40    s
1654094130000000000        1  40    f
1654094134000000000        1  41    s
1654094138000000000        2  39    s
1654094144000000000        1  41    f
1654094146000000000        2  39    f
1654094147000000000        1  42    s
1654094149000000000        2  40    s
1654094157000000000        1  42    f
1654094157000000000        2  40    f
1654094160000000000        2  41    s
1654094161000000000        1  43    s
1654094168000000000        2  41    f
1654094169000000000        1  43    f
1654094171000000000        2  42    s
1654094172000000000        1  44    s
1654094179000000000        2  42    f
1654094180000000000        1  44    f
1654094183000000000        2  43    s
1654094184000000000        1  45    s
1654094190000000000        2  43    f
1654094194000000000        1  45    f
1654094194000000000        2  44    s
1654094197000000000        1  46    s
1654094201000000000        2  44    f
1654094204000000000        2  45    s
1654094207000000000        1  46    f
1654094210000000000        1  47    s
1654094212000000000        2  45    f
1654094215000000000        2  46    s
1654094219000000000        1  47    f
1654094222000000000        1  48    s
1654094223000000000        2  46    f
1654094227000000000        2  47    s
1654094231000000000        1  48    f
1654094234000000000        1  49    s
1654094234000000000        2  47    f
1654094239000000000        2  48    s
1654094245000000000        1  49    f
1654094247000000000        2  48    f
1654094248000000000        1  50    s
1654094252000000000        2  49    s
1654094257000000000        1  50    f
1654094259000000000        2  49    f
1654094260000000000        1  51    s
1654094265000000000        2  50    s
1654094271000000000        1  51    f
1654094272000000000        2  50    f
1654094274000000000        1  52    s
1654094278000000000        2  51    s
1654094285000000000        1  52    f
1654094286000000000        2  51    f
1654094288000000000        1  53    s
1654094293000000000        2  52    s
1654094298000000000        1  53    f
1654094299000000000        2  52    f
1654094301000000000        1  54    s
1654094306000000000        2  53    s
1654094311000000000        1  54    f
1654094313000000000        2  53    f
1654094314000000000        1  55    s
1654094319000000000        2  54    s
1654094323000000000        1  55    f
1654094326000000000        2  54    f
1654094327000000000        1  56    s
1654094331000000000        2  55    s
1654094336000000000        1  56    f
1654094339000000000        1  57    s
1654094339000000000        2  55    f
1654094344000000000        2  56    s
1654094349000000000        1  57    f
1654094351000000000        2  56    f
1654094352000000000        1  58    s
1654094357000000000        2  57    s
1654094361000000000        1  58    f
1654094364000000000        1  59    s
1654094365000000000        2  57    f
1654094370000000000        2  58    s
1654094375000000000        1  59    f
1654094377000000000        2  58    f
1654094378000000000        1  60    s
1654094382000000000        2  59    s
1654094388000000000        1  60    f
1654094390000000000        2  59    f
1654094392000000000        1  61    s
1654094396000000000        2  60    s
1654094401000000000        1  61    f
1654094404000000000        1  62    s
1654094404000000000        2  60    f
1654094409000000000        2  61    s
1654094413000000000        1  62    f
1654094416000000000        1  63    s
1654094416000000000        2  61    f
1654094421000000000        2  62    s
1654094425000000000        1  63    f
1654094429000000000        1  64    s
1654094429000000000        2  62    f
1654094433000000000        2  63    s
1654094439000000000        1  64    f
1654094440000000000        2  63    f
1654094442000000000        1  65    s
1654094446000000000        2  64    s
1654094451000000000        1  65    f
1654094453000000000        2  64    f
1654094454000000000        1  66    s
1654094459000000000        2  65    s
1654094465000000000        1  66    f
1654094466000000000        2  65    f
1654094468000000000        1  67    s
1654094472000000000        2  66    s
1654094480000000000        1  67    f
1654094480000000000        2  66    f
1654094483000000000        1  68    s
1654094494000000000        1  68    f
1654094497000000000        1  69    s
1654094501000000000        2  67    s
1654094505000000000        1  69    f
1654094508000000000        1  70    s
1654094509000000000        2  67    f
1654094512000000000        2  68    s
1654094519000000000        2  68    f
1654094520000000000        1  70    f
1654094523000000000        1  71    s
1654094523000000000        2  69    s
1654094530000000000        2  69    f
1654094532000000000        1  71    f
1654094533000000000        2  70    s
1654094535000000000        1  72    s
1654094541000000000        2  70    f
1654094544000000000        1  72    f
1654094544000000000        2  71    s
1654094547000000000        1  73    s
1654094552000000000        2  71    f
1654094555000000000        2  72    s
1654094557000000000        1  73    f
1654094560000000000        1  74    s
1654094562000000000        2  72    f
1654094565000000000        2  73    s
1654094570000000000        1  74    f
1654094573000000000        1  75    s
1654094573000000000        2  73    f
1654094578000000000        2  74    s
1654094582000000000        1  75    f
1654094585000000000        1  76    s
1654094585000000000        2  74    f
1654094590000000000        2  75    s
1654094595000000000        1  76    f
1654094598000000000        1  77    s
1654094598000000000        2  75    f
1654094602000000000        2  76    s
1654094607000000000        1  77    f
1654094610000000000        1  78    s
1654094610000000000        2  76    f
1654094615000000000        2  77    s
1654094618000000000        1  78    f
1654094621000000000        1  79    s
1654094623000000000        2  77    f
1654094628000000000        2  78    s
1654094629000000000        1  79    f
1654094633000000000        1  80    s
1654094636000000000        2  78    f
1654094639000000000        2  79    s
1654094641000000000        1  80    f
1654094644000000000        1  81    s
1654094648000000000        2  79    f
1654094651000000000        2  80    s
1654094655000000000        1  81    f
1654094658000000000        1  82    s
1654094658000000000        2  80    f
1654094662000000000        2  81    s
1654094669000000000        1  82    f
1654094670000000000        2  81    f
1654094672000000000        1  83    s
1654094676000000000        2  82    s
1654094683000000000        1  83    f
1654094683000000000        2  82    f
1654094686000000000        1  84    s
1654094690000000000        2  83    s
1654094695000000000        1  84    f
1654094698000000000        2  83    f
1654094699000000000        1  85    s
1654094703000000000        2  84    s
1654094709000000000        1  85    f
1654094711000000000        2  84    f
1654094712000000000        1  86    s
1654094716000000000        2  85    s
1654094720000000000        1  86    f
1654094723000000000        1  87    s
1654094723000000000        2  85    f
1654094729000000000        2  86    s
1654094732000000000        1  87    f
1654094735000000000        1  88    s
1654094736000000000        2  86    f
1654094740000000000        2  87    s
1654094747000000000        1  88    f
1654094748000000000        2  87    f
1654094750000000000        1  89    s
1654094754000000000        2  88    s
1654094761000000000        2  88    f
1654094762000000000        1  89    f
1654094765000000000        1  90    s
1654094772000000000        1  90    f
1654094776000000000        1  91    s
1654094780000000000        2  89    s
1654094785000000000        1  91    f
1654094786000000000        2  89    f
1654094788000000000        1  92    s
1654094790000000000        2  90    s
1654094797000000000        2  90    f
1654094799000000000        1  92    f
1654094801000000000        2  91    s
1654094802000000000        1  93    s
1654094808000000000        2  91    f
1654094811000000000        1  93    f
1654094811000000000        2  92    s
1654094814000000000        1  94    s
1654094818000000000        2  92    f
1654094821000000000        2  93    s
1654094823000000000        1  94    f
1654094826000000000        1  95    s
1654094829000000000        2  93    f
1654094832000000000        2  94    s
1654094834000000000        1  95    f
1654094838000000000        1  96    s
1654094840000000000        2  94    f
1654094843000000000        2  95    s
1654094847000000000        1  96    f
1654094850000000000        1  97    s
1654094852000000000        2  95    f
1654094855000000000        2  96    s
1654094858000000000        1  97    f
1654094861000000000        1  98    s
1654094862000000000        2  96    f
1654094867000000000        2  97    s
1654094871000000000        1  98    f
1654094874000000000        1  99    s
1654094875000000000        2  97    f
1654094879000000000        2  98    s
1654094883000000000        1  99    f
1654094887000000000        1 100    s
1654094887000000000        2  98    f
1654094892000000000        2  99    s
1654094897000000000        1 100    f
1654094900000000000        1 101    s
1654094910000000000        1 101    f
1654094910000000000        2  99    f
1654094913000000000        1 102    s
1654094917000000000        2 100    s
1654094921000000000        1 102    f
1654094925000000000        1 103    s
1654094932000000000        1 103    f
1654094933000000000        2 100    f
1654094935000000000        1 104    s
1654094936000000000        2 101    s
1654094946000000000        1 104    f
1654094949000000000        1 105    s
1654094950000000000        2 101    f
1654094953000000000        2 102    s
1654094957000000000        1 105    f
1654094960000000000        1 106    s
1654094968000000000        2 102    f
1654094969000000000        1 106    f
1654094971000000000        2 103    s
1654094973000000000        1 107    s
1654094981000000000        1 107    f
1654094984000000000        1 108    s
1654094986000000000        2 103    f
1654094989000000000        2 104    s
1654094993000000000        1 108    f
1654094996000000000        1 109    s
1654095005000000000        2 104    f
1654095007000000000        1 109    f
1654095008000000000        2 105    s
1654095010000000000        1 110    s
1654095021000000000        1 110    f
1654095025000000000        1 111    s
1654095025000000000        2 105    f
1654095028000000000        2 106    s
1654095035000000000        1 111    f
1654095038000000000        1 112    s
1654095044000000000        2 106    f
1654095047000000000        1 112    f
1654095048000000000        2 107    s
1654095050000000000        1 113    s
1654095059000000000        1 113    f
1654095062000000000        1 114    s
1654095064000000000        2 107    f
1654095067000000000        2 108    s
1654095070000000000        1 114    f
1654095073000000000        1 115    s
1654095082000000000        2 108    f
1654095083000000000        1 115    f
1654095085000000000        2 109    s
1654095086000000000        1 116    s
1654095095000000000        1 116    f
1654095098000000000        1 117    s
1654095101000000000        2 109    f
1654095104000000000        2 110    s
1654095108000000000        1 117    f
1654095111000000000        1 118    s
1654095120000000000        1 118    f
1654095120000000000        2 110    f
1654095123000000000        1 119    s
1654095123000000000        2 111    s
1654095132000000000        1 119    f
1654095135000000000        1 120    s
1654095140000000000        2 111    f
1654095143000000000        2 112    s
1654095144000000000        1 120    f
1654095148000000000        1 121    s
1654095156000000000        1 121    f
1654095157000000000        2 112    f
1654095160000000000        2 113    s
1654095176000000000        2 113    f
1654095179000000000        2 114    s
1654095184000000000        1 122    s
1654095192000000000        1 122    f
1654095194000000000        2 114    f
1654095196000000000        1 123    s
1654095197000000000        2 115    s
1654095204000000000        1 123    f
1654095207000000000        1 124    s
1654095212000000000        2 115    f
1654095215000000000        2 116    s
1654095217000000000        1 124    f
1654095220000000000        1 125    s
1654095229000000000        1 125    f
1654095231000000000        2 116    f
1654095234000000000        2 117    s
1654095250000000000        2 117    f
1654095253000000000        2 118    s
1654095259000000000        1 126    s
1654095269000000000        1 126    f
1654095271000000000        2 118    f
1654095272000000000        1 127    s
1654095274000000000        2 119    s
1654095280000000000        1 127    f
1654095284000000000        1 128    s
1654095291000000000        2 119    f
1654095294000000000        1 128    f
1654095294000000000        2 120    s
1654095310000000000        2 120    f
1654095313000000000        2 121    s
1654095319000000000        1 129    s
1654095328000000000        1 129    f
1654095328000000000        2 121    f
1654095331000000000        2 122    s
1654095332000000000        1 130    s
1654095340000000000        1 130    f
1654095343000000000        1 131    s
1654095345000000000        2 122    f
1654095348000000000        2 123    s
1654095354000000000        1 131    f
1654095357000000000        1 132    s
1654095364000000000        2 123    f
1654095367000000000        2 124    s
1654095369000000000        1 132    f
1654095372000000000        1 133    s
1654095382000000000        1 133    f
1654095383000000000        2 124    f
1654095386000000000        2 125    s
1654095401000000000        2 125    f
1654095404000000000        2 126    s
1654095409000000000        1 134    s
1654095419000000000        1 134    f
1654095420000000000        2 126    f
1654095423000000000        1 135    s
1654095423000000000        2 127    s
1654095431000000000        1 135    f
1654095434000000000        1 136    s
1654095438000000000        2 127    f
1654095441000000000        2 128    s
1654095443000000000        1 136    f
1654095446000000000        1 137    s
1654095456000000000        1 137    f
1654095458000000000        2 128    f
1654095461000000000        2 129    s
1654095477000000000        2 129    f
1654095481000000000        2 130    s
1654095486000000000        1 138    s
1654095493000000000        1 138    f
1654095496000000000        1 139    s
1654095496000000000        2 130    f
1654095499000000000        2 131    s
1654095506000000000        1 139    f
1654095509000000000        1 140    s
1654095519000000000        1 140    f
1654095524000000000        1 141    s
1654095525000000000        2 131    f
1654095527000000000        2 132    s
1654095531000000000        1 141    f
1654095534000000000        1 142    s
1654095541000000000        2 132    f
1654095544000000000        2 133    s
1654095546000000000        1 142    f
1654095549000000000        1 143    s
1654095560000000000        1 143    f
1654095560000000000        2 133    f
1654095563000000000        2 134    s
1654095580000000000        2 134    f
1654095583000000000        2 135    s
1654095589000000000        1 144    s
1654095598000000000        1 144    f
1654095601000000000        1 145    s
1654095611000000000        1 145    f
1654095662000000000        2 135    f
1654095666000000000        2 136    s
1654095673000000000        2 136    f
1654095676000000000        2 137    s
1654095681000000000        1 146    s
1654095683000000000        2 137    f
1654095686000000000        2 138    s
1654095691000000000        1 146    f
1654095693000000000        2 138    f
1654095694000000000        1 147    s
1654095696000000000        2 139    s
1654095704000000000        1 147    f
1654095704000000000        2 139    f
1654095707000000000        1 148    s
1654095708000000000        2 140    s
1654095716000000000        1 148    f
1654095716000000000        2 140    f
1654095719000000000        1 149    s
1654095719000000000        2 141    s
1654095727000000000        2 141    f
1654095728000000000        1 149    f
1654095730000000000        2 142    s
1654095731000000000        1 150    s
1654095738000000000        2 142    f
1654095739000000000        1 150    f
1654095741000000000        2 143    s
1654095742000000000        1 151    s
1654095748000000000        2 143    f
1654095751000000000        2 144    s
1654095753000000000        1 151    f
1654095756000000000        1 152    s
1654095759000000000        2 144    f
1654095762000000000        2 145    s
1654095766000000000        1 152    f
1654095768000000000        1 153    s
1654095769000000000        2 145    f
1654095772000000000        2 146    s
1654095779000000000        1 153    f
1654095779000000000        2 146    f
1654095782000000000        1 154    s
1654095782000000000        2 147    s
1654095789000000000        2 147    f
1654095790000000000        1 154    f
1654095792000000000        2 148    s
1654095793000000000        1 155    s
1654095800000000000        2 148    f
1654095803000000000        2 149    s
1654095805000000000        1 155    f
1654095808000000000        1 156    s
1654095810000000000        2 149    f
1654095813000000000        2 150    s
1654095819000000000        1 156    f
1654095821000000000        2 150    f
1654095822000000000        1 157    s
1654095824000000000        2 151    s
1654095832000000000        1 157    f
1654095832000000000        2 151    f
1654095835000000000        1 158    s
1654095835000000000        2 152    s
1654095843000000000        1 158    f
1654095843000000000        2 152    f
1654095846000000000        2 153    s
1654095847000000000        1 159    s
1654095853000000000        2 153    f
1654095856000000000        1 159    f
1654095856000000000        2 154    s
1654095859000000000        1 160    s
1654095863000000000        2 154    f
1654095866000000000        2 155    s
1654095869000000000        1 160    f
1654095872000000000        1 161    s
1654095873000000000        2 155    f
1654095876000000000        2 156    s
1654095882000000000        1 161    f
1654095885000000000        1 162    s
1654095885000000000        2 156    f
1654095888000000000        2 157    s
1654095893000000000        1 162    f
1654095895000000000        2 157    f
1654095896000000000        1 163    s
1654095898000000000        2 158    s
1654095905000000000        1 163    f
1654095906000000000        2 158    f
1654095908000000000        1 164    s
1654095909000000000        2 159    s