1.000000 15945.823049 
2.000000 20705.635492 
3.000000 24879.617321 
4.000000 30742.163577 
5.000000 36408.547154 
6.000000 41442.500728 
7.000000 46681.440283 
8.000000 51452.202900 
9.000000 55409.563491 
10.000000 61354.366193 
11.000000 50067.108620 
12.000000 50202.447489 
13.000000 50896.357814 
14.000000 50627.978583 
15.000000 49962.043617 
16.000000 50469.046286 
17.000000 49870.116185 
18.000000 50679.126019 
19.000000 52094.487581 
20.000000 51923.463227 
21.000000 52324.535183 
22.000000 52931.616520 
23.000000 53248.235775 
24.000000 52143.543205 
25.000000 51954.323449 
26.000000 51462.678152 
27.000000 51582.444217 
28.000000 51040.242472 
29.000000 50463.586925 
30.000000 50213.199422 
31.000000 49516.198134 
32.000000 48947.362847 
33.000000 49189.267096 
34.000000 50198.201776 
35.000000 51179.633560 
36.000000 51258.859311 
37.000000 51774.572435 
